510
1362
1261
1567
1416
1471
1288
1221
1127
1051
1011
994
948
1021
998
954
1042
1037
1035
1015
1043
1011
1062
1027
1080
1185
1222
1332
1295
1374
1445
1414
1448
1413
1479
1478
1447
1385
1363
1333
1364
1267
1204
1079
1063
1048
1009
960
997
993
936
981
959
972
941
903
935
941
923
958
981
898
918
977
934
943
917
929
946
969
989
1001
992
961
1052
1059
1109
1063
1057
1111
1044
995
1049
1075
1096
1218
1136
1186
1246
1231
1305
1303
1327
1255
1259
1292
1259
1410
1307
1321
1340
1420
1442
1407
1424
1595
1546
1610
1600
1627
1657
1653
1693
1862
1804
1822
1946
1716
1683
1712
1788
1722
1710
1693
1675
1686
1641
1688
1656
1691
1818
1687
1742
1723
1707
1645
1556
1584
1601
1700
1619
1525
1539
1493
1516
1531
1538
1563
1575
1609
1524
1550
1645
1579
1578
1526
1522
1479
1401
1410
1431
1328
1308
1143
1149
1140
1086
1066
1022
1087
1052
1152
1057
1041
1023
968
951
959
885
1042
932
889
884
795
801
749
715
620
623
594
573
522
547
490
524
539
487
494
448
455
458
437
381
420
414
405
391
425
445
415
486
476
567
632
693
808
721
711
616
572
500
423
412
387
385
329
333
315
292
250
244
252
198
229
180
160
167
138
139
167
168
158
189
150
120
112
162
155
216
245
107
65
32
8
1
0
