0.001945
0.005196
0.004810
0.005978
0.005402
0.005611
0.004913
0.004658
0.004299
0.004009
0.003857
0.003792
0.003616
0.003895
0.003807
0.003639
0.003975
0.003956
0.003948
0.003872
0.003979
0.003857
0.004051
0.003918
0.004120
0.004520
0.004662
0.005081
0.004940
0.005241
0.005512
0.005394
0.005524
0.005390
0.005642
0.005638
0.005520
0.005283
0.005199
0.005085
0.005203
0.004833
0.004593
0.004116
0.004055
0.003998
0.003849
0.003662
0.003803
0.003788
0.003571
0.003742
0.003658
0.003708
0.003590
0.003445
0.003567
0.003590
0.003521
0.003654
0.003742
0.003426
0.003502
0.003727
0.003563
0.003597
0.003498
0.003544
0.003609
0.003696
0.003773
0.003819
0.003784
0.003666
0.004013
0.004040
0.004230
0.004055
0.004032
0.004238
0.003983
0.003796
0.004002
0.004101
0.004181
0.004646
0.004333
0.004524
0.004753
0.004696
0.004978
0.004971
0.005062
0.004787
0.004803
0.004929
0.004803
0.005379
0.004986
0.005039
0.005112
0.005417
0.005501
0.005367
0.005432
0.006084
0.005898
0.006142
0.006104
0.006207
0.006321
0.006306
0.006458
0.007103
0.006882
0.006950
0.007423
0.006546
0.006420
0.006531
0.006821
0.006569
0.006523
0.006458
0.006390
0.006432
0.006260
0.006439
0.006317
0.006451
0.006935
0.006435
0.006645
0.006573
0.006512
0.006275
0.005936
0.006042
0.006107
0.006485
0.006176
0.005817
0.005871
0.005695
0.005783
0.005840
0.005867
0.005962
0.006008
0.006138
0.005814
0.005913
0.006275
0.006023
0.006020
0.005821
0.005806
0.005642
0.005344
0.005379
0.005459
0.005066
0.004990
0.004360
0.004383
0.004349
0.004143
0.004066
0.003899
0.004147
0.004013
0.004395
0.004032
0.003971
0.003902
0.003693
0.003628
0.003658
0.003376
0.003975
0.003555
0.003391
0.003372
0.003033
0.003056
0.002857
0.002728
0.002365
0.002377
0.002266
0.002186
0.001991
0.002087
0.001869
0.001999
0.002056
0.001858
0.001884
0.001709
0.001736
0.001747
0.001667
0.001453
0.001602
0.001579
0.001545
0.001492
0.001621
0.001698
0.001583
0.001854
0.001816
0.002163
0.002411
0.002644
0.003082
0.002750
0.002712
0.002350
0.002182
0.001907
0.001614
0.001572
0.001476
0.001469
0.001255
0.001270
0.001202
0.001114
0.000954
0.000931
0.000961
0.000755
0.000874
0.000687
0.000610
0.000637
0.000526
0.000530
0.000637
0.000641
0.000603
0.000721
0.000572
0.000458
0.000427
0.000618
0.000591
0.000824
0.000935
0.000408
0.000248
0.000122
0.000031
0.000004
0.000000
