8405
0
2123
2192
0
2197
1970
1992
0
1843
1788
1689
1660
1700
1649
1647
1622
1629
1585
1553
1533
1676
1536
1710
1782
1793
1901
1918
1845
1890
1905
0
1825
1780
1720
0
1758
1709
0
1629
1673
1535
0
1506
1441
0
1545
1428
1434
1374
0
1448
1444
1548
1432
1475
1407
1394
2801
1346
1424
1379
1342
1301
1447
1330
1369
1336
1389
2869
1423
1506
1464
1419
1383
1406
1341
1452
1488
1444
1473
1472
1603
1533
1574
1514
1616
1567
1581
1453
1535
1594
1560
1625
0
1611
1593
1590
1495
0
1533
1605
1576
1509
1559
0
1537
1569
1584
0
1523
1629
1756
0
1666
1632
1671
0
1750
0
1665
1609
0
1560
1488
0
1421
1364
0
1409
0
1435
0
1330
1367
0
1277
0
1259
0
1267
1275
0
1191
0
1175
1182
0
1077
0
1067
1032
0
901
0
948
897
0
799
0
860
817
0
881
0
782
773
0
769
787
0
718
757
0
760
0
760
746
0
732
757
0
718
717
0
778
711
0
801
749
0
739
777
0
689
711
0
671
656
0
664
664
0
636
643
613
0
606
580
553
558
597
536
559
545
611
597
0
583
619
602
596
1223
578
536
579
532
538
528
999
488
530
1182
1331
1410
1540
1456
1182
1412
866
975
530
497
508
488
227
249
489
510
689
435
691
608
876
673
831
