0.032063
0.000000
0.008099
0.008362
0.000000
0.008381
0.007515
0.007599
0.000000
0.007030
0.006821
0.006443
0.006332
0.006485
0.006290
0.006283
0.006187
0.006214
0.006046
0.005924
0.005848
0.006393
0.005859
0.006523
0.006798
0.006840
0.007252
0.007317
0.007038
0.007210
0.007267
0.000000
0.006962
0.006790
0.006561
0.000000
0.006706
0.006519
0.000000
0.006214
0.006382
0.005856
0.000000
0.005745
0.005497
0.000000
0.005894
0.005447
0.005470
0.005241
0.000000
0.005524
0.005508
0.005905
0.005463
0.005627
0.005367
0.005318
0.010685
0.005135
0.005432
0.005260
0.005119
0.004963
0.005520
0.005074
0.005222
0.005096
0.005299
0.010944
0.005428
0.005745
0.005585
0.005413
0.005276
0.005363
0.005116
0.005539
0.005676
0.005508
0.005619
0.005615
0.006115
0.005848
0.006004
0.005775
0.006165
0.005978
0.006031
0.005543
0.005856
0.006081
0.005951
0.006199
0.000000
0.006145
0.006077
0.006065
0.005703
0.000000
0.005848
0.006123
0.006012
0.005756
0.005947
0.000000
0.005863
0.005985
0.006042
0.000000
0.005810
0.006214
0.006699
0.000000
0.006355
0.006226
0.006374
0.000000
0.006676
0.000000
0.006351
0.006138
0.000000
0.005951
0.005676
0.000000
0.005421
0.005203
0.000000
0.005375
0.000000
0.005474
0.000000
0.005074
0.005215
0.000000
0.004871
0.000000
0.004803
0.000000
0.004833
0.004864
0.000000
0.004543
0.000000
0.004482
0.004509
0.000000
0.004108
0.000000
0.004070
0.003937
0.000000
0.003437
0.000000
0.003616
0.003422
0.000000
0.003048
0.000000
0.003281
0.003117
0.000000
0.003361
0.000000
0.002983
0.002949
0.000000
0.002934
0.003002
0.000000
0.002739
0.002888
0.000000
0.002899
0.000000
0.002899
0.002846
0.000000
0.002792
0.002888
0.000000
0.002739
0.002735
0.000000
0.002968
0.002712
0.000000
0.003056
0.002857
0.000000
0.002819
0.002964
0.000000
0.002628
0.002712
0.000000
0.002560
0.002502
0.000000
0.002533
0.002533
0.000000
0.002426
0.002453
0.002338
0.000000
0.002312
0.002213
0.002110
0.002129
0.002277
0.002045
0.002132
0.002079
0.002331
0.002277
0.000000
0.002224
0.002361
0.002296
0.002274
0.004665
0.002205
0.002045
0.002209
0.002029
0.002052
0.002014
0.003811
0.001862
0.002022
0.004509
0.005077
0.005379
0.005875
0.005554
0.004509
0.005386
0.003304
0.003719
0.002022
0.001896
0.001938
0.001862
0.000866
0.000950
0.001865
0.001945
0.002628
0.001659
0.002636
0.002319
0.003342
0.002567
0.003170
